P-1;[[2149, 2349], [4536, 4844], [3539, 3779]]
S-1;[[5300, 5747]]
E-1;[[5000, 5030], [5610, 6086]]
E-2;[[5598, 6995]]
E-3;[[5094, 8306]]
E-4;[[5450, 8261]]
E-5;[[5600, 5920]]
E-6;[[5610, 5675]]
E-7;[[5394, 5674]]
E-8;[[5400, 6022]]
E-9;[[5550, 5900]]
E-10;[[5000, 5050], [5601, 5871]]
E-11;[[5000, 5050], [5614, 5857]]
E-12;[[5610, 6141], [5000, 5050]]
E-13;[[5309, 5410], [5600, 5640], [6449, 6569]]
A-1;[[4690, 4774]]
D-1;[[5250, 8508]]
P-2;[[5350, 6575]]
P-3;[[5401, 6736]]
D-2;[[4319, 8536]]
D-3;[[5225, 8500]]
D-4;[[5225, 8472]]
A-2;[[4450, 4560]]
A-3;[[4575, 4760]]
A-4;[[4550, 4660]]
G-1;[[4770, 4890]]
G-2;[[4030, 4070]]
D-5;[[4800, 4850]]
D-6;[[4870, 4950]]
D-7;[[4940, 7641]]
F-1;[[5392, 5492]]
P-4;[[950, 1080], [2150, 2350], [4770, 4880]]
G-3;[[4200, 4250]]
T-1;[[2399, 3898], [6550, 6585]]
T-2;[[6840, 8624]]
D-8;[[4370, 4420]]
D-9;[[6250, 7405]]
F-2;[[5669, 8625]]
G-4;[[4690, 4720]]
T-3;[[2098, 2180], [5200, 5300]]
D-11;[[4270, 4330]]
D-12;[[5178, 7917]]
B-1;[[5060, 5130]]
G-6;[[5600, 5700]]
G-7;[[3650, 3750], [5050, 5100], [7560, 7675]]
P-7;[[4950, 6600]]
R-1;[[4510, 4590]]
A-5;[[2750, 2800]]
A-6;[[1890, 1930]]
A-7;[[6200, 8600]]
D-13;[[5070, 5230]]
A-8;[[4569, 8374]]
A-9;[[4569, 8433]]
F-3;[[5600, 5640]]
M-6;[[1850, 2030]]
M-1;[[1110, 2250]]
M-2;[[1110, 2250]]
S-2;[[900, 910]]
P-10;[[4590, 4720]]
T-4;[[1172, 1240]]
T-5;[[1200, 1225]]
F-7;[[1250, 1450], [2670, 2790], [3325, 3425]]
M-3;[[1250, 1500]]
M-4;[[1250, 1500]]
M-5;[[1250, 1550]]
P-15;[[1390, 1410]]
C-1;[[550, 750], [2100, 2210]]
C-2;[[290, 390], [1540, 1575]]
T-12;[[630, 750]]
T-13;[[690, 790], [1900, 2050]]
F-4;[[2700, 2770]]
F-5;[[3550, 3700]]
D-14;[[1630, 1650], [1800, 2000]]
T-9;[[780, 810], [890, 970]]
P-14;[[4575, 4755]]
T-8;[[870, 930], [1330, 1370]]
P-11;[[1778, 1898], [1238, 1344]]
D-15;[[1500, 2140]]
D-16;[[600, 1250]]
M-7;[[940, 1040]]
F-8;[[1950, 2486]]